Duration: 41968894
Record: 214178911271055
roots: (5945560.584286, 36023333.415714) => 30077773... or 30077773? wins. disc=30077772.831428

Answer is 30077773.   or maybe 30077773?
